13.06 0.05 32.05 15.37
0.43 0.72 0.63 0.92
0.43 0.11 0.77 0.95
0.73 0.68 0.68 0.60
0.66 0.29 0.71 0.43
0.86 0.53 0.39 0.72
0.21 0.13 0.04 0.58
0.45 0.45 0.08 0.69
0.14 5.68 0.43 0.27
0.33 0.65 0.05 0.98
0.41 0.13 0.03 -0.08
1.00 0.47 0.81 0.16
5.76 0.17 0.41 0.72
0.59 0.79 0.57 0.60
0.37 0.15 0.55 0.52
0.00 0.19 0.38 1.79
30.51 -0.17 -0.36 11.70
0.75 0.47 0.78 0.31
0.01 0.68 0.36 0.22
0.15 0.44 0.99 0.70
-0.07 -0.10 24.61 0.01
0.03 0.52 0.36 0.61
0.27 0.04 0.27 0.22
0.38 0.78 0.40 0.31
29.27 0.35 0.29 0.41
0.06 0.71 0.88 0.97
0.68 0.64 0.85 0.45
0.62 0.39 0.29 0.57
0.25 0.73 0.15 0.73
0.62 0.12 0.08 0.83
0.75 0.48 0.44 0.21
0.11 0.62 0.12 0.65
0.19 18.37 0.23 0.52
0.90 0.40 0.51 0.66
0.95 0.19 0.07 0.56
0.64 0.54 0.72 0.96
0.94 0.30 0.02 0.94
0.97 0.41 0.30 0.19
0.52 0.75 0.42 0.01
0.98 0.79 0.32 0.18
24.38 0.00 0.02 0.08
0.75 0.60 0.42 0.42
0.14 0.65 0.16 0.16
30.51 0.51 9.50 0.19
15.70 0.34 0.10 1.68
0.13 0.67 0.10 0.85
0.61 0.22 0.67 0.55
0.77 0.86 0.37 0.21
5.63 0.34 0.12 0.12
0.93 0.84 0.15 0.39
0.29 0.38 0.65 0.61
0.60 0.22 0.49 0.77
0.34 0.64 0.12 0.47
0.29 0.30 0.02 0.11
0.59 0.51 0.24 0.96
0.36 0.29 0.73 0.13
0.42 0.79 0.61 0.33
0.91 0.51 0.71 0.52
0.91 0.77 0.19 0.53
0.30 0.73 0.55 0.70
6.82 0.22 0.65 0.68
0.50 0.28 0.34 0.42
0.48 0.60 0.64 0.39
5.20 0.52 0.52 0.18
0.02 0.13 10.09 27.51
0.16 0.54 0.94 0.26
0.32 0.55 0.86 0.44
0.50 0.13 0.20 0.80
0.52 0.45 0.55 0.75
0.07 0.07 0.28 0.47
5.63 0.35 0.06 0.08
0.04 0.18 0.97 0.43
0.79 0.12 0.95 0.59
0.46 0.63 0.52 0.97
0.76 0.27 0.80 0.61
0.58 0.84 0.59 0.73
0.89 0.67 0.62 0.98
0.99 0.39 0.55 0.92
0.96 0.70 0.39 0.69
0.42 0.12 0.50 0.09
24.42 7.84 -0.13 12.70
0.47 0.11 0.99 0.90
0.86 0.12 0.13 0.74
0.82 0.68 0.40 0.54
30.19 15.84 12.16 11.78
0.30 0.84 0.00 0.35
0.39 0.20 0.54 0.84
-0.46 0.51 0.81 0.03
28.28 0.29 0.05 0.06
0.39 0.26 0.52 0.66
0.55 0.87 0.62 0.18
5.81 0.55 -0.54 0.46
0.15 0.51 -0.39 0.06
0.59 0.13 0.52 0.89
0.36 0.60 0.90 0.83
0.35 0.18 0.49 0.39
20.66 0.28 0.94 0.01
0.78 0.04 0.70 0.55
0.84 0.40 0.19 0.37
0.84 0.62 0.01 0.51
0.90 0.86 0.85 0.24
0.28 0.58 0.50 0.16
0.54 0.30 0.71 0.27
0.64 0.83 0.85 0.77
1.03 26.58 0.10 0.11
0.69 0.40 0.39 0.75
0.88 0.31 0.40 0.94
26.54 0.38 0.53 0.43
0.21 6.07 23.08 9.53
0.09 0.41 0.05 0.39
0.52 0.94 0.39 0.18
0.24 0.34 -0.01 0.19
0.21 0.09 0.90 0.38
0.70 0.16 0.36 0.93
0.06 0.26 0.34 0.75
0.43 0.22 0.52 0.33
0.52 0.63 0.23 0.61
0.21 0.21 0.75 0.81
0.77 0.90 0.30 0.48
0.14 0.62 0.81 0.12
0.04 0.49 0.02 0.28
0.02 0.65 0.71 0.61
0.14 0.96 0.78 0.43
0.32 0.51 0.67 0.28
0.80 6.11 0.28 0.70
0.95 0.08 0.53 0.02
0.23 0.55 0.03 0.15
0.73 11.05 0.28 0.73
0.11 0.04 0.22 8.09
0.80 0.46 0.34 0.66
0.04 0.84 0.52 0.54
0.73 0.10 0.30 0.21
0.31 0.54 0.30 0.34
0.76 0.01 0.40 0.71
0.35 0.36 0.13 0.67
0.35 0.27 0.90 0.98
0.09 0.14 0.46 0.61
0.24 0.02 0.53 0.81
0.19 0.19 0.14 0.69
7.23 0.14 0.39 0.07
0.11 0.91 0.28 0.49
0.63 0.54 0.57 0.42
0.45 0.08 0.26 0.36
0.80 0.56 0.02 0.06
0.19 0.73 0.63 0.05
0.96 0.82 0.80 0.43
0.16 0.34 0.55 0.11
0.74 0.93 0.10 0.29
0.69 0.60 0.17 0.22
0.68 0.92 0.08 0.87
0.12 0.68 0.78 0.58
0.28 0.63 0.96 0.49
13.83 9.00 -0.45 28.42
0.25 0.19 0.77 0.40
0.08 0.28 0.19 0.94
0.43 0.38 0.57 0.39
0.28 0.27 0.72 0.63
0.20 0.87 0.93 0.81
0.54 0.39 0.19 0.51
0.78 0.94 0.13 0.60
3.76 2.08 26.74 1.34
0.66 0.01 0.12 0.18
0.91 0.25 0.68 0.27
0.16 0.07 0.99 0.24
0.28 0.80 0.31 0.82
0.25 0.38 0.54 0.49
0.63 0.66 0.73 0.91
0.94 0.98 0.28 0.69
8.65 0.20 0.28 25.31
0.49 0.68 0.72 0.75
5.78 0.12 0.34 0.05
27.78 2.99 8.31 0.78
0.09 6.34 24.77 0.27
0.56 0.33 0.70 0.61
0.92 0.54 0.18 0.85
0.16 0.49 26.76 13.13
0.51 6.75 0.25 0.56
0.96 0.79 0.64 0.00
0.72 0.08 0.07 0.35
0.86 0.63 0.64 0.54
0.32 0.03 0.67 0.47
0.84 0.87 0.46 0.21
0.01 0.13 0.80 0.34
0.23 0.08 0.69 0.73
0.96 0.35 0.30 0.91
0.00 0.16 0.04 0.99
0.70 0.19 0.75 0.17
0.85 0.55 0.12 0.69
2.71 0.25 0.30 0.03
0.98 0.92 0.39 0.67
0.87 0.66 0.74 0.00
0.51 0.22 0.17 25.76
0.39 0.35 3.82 0.48
0.17 0.03 0.73 0.01
0.79 0.14 0.72 0.19
0.05 0.13 0.68 0.08
0.27 0.17 0.61 0.30
0.57 0.73 0.79 0.23
0.47 0.64 0.69 0.70
0.77 0.62 0.81 0.83
0.14 0.37 0.43 0.45
0.69 0.16 0.30 0.21
0.12 0.89 0.24 0.69
0.03 0.03 0.01 0.70
0.30 0.87 0.49 0.55
0.32 0.26 0.69 0.49
0.66 0.20 0.94 0.87
0.75 3.67 0.80 0.47
0.59 0.02 0.27 0.93
0.23 0.72 0.60 0.96
0.36 0.56 0.89 0.14
0.97 0.30 0.29 0.16
0.95 0.60 0.74 0.41
0.12 0.87 0.28 0.69
0.95 0.82 0.66 0.06
0.78 0.94 0.86 0.17
0.58 0.62 0.20 0.97
0.75 0.73 0.21 0.35
0.40 0.16 0.69 0.08
0.01 0.60 0.07 0.12
0.29 0.11 0.68 0.59
0.66 0.68 0.38 0.16
0.13 0.32 0.39 0.94
0.31 0.21 0.62 0.43
0.75 0.91 0.52 0.72
0.20 0.01 0.79 0.28
0.34 0.33 0.78 0.29
0.97 0.47 0.16 0.75
0.11 0.13 0.81 0.74
0.58 0.96 0.63 0.80
0.91 0.63 0.22 0.77
0.45 0.35 0.97 0.08
0.36 0.72 0.98 0.56
0.18 0.08 0.23 0.23
0.53 0.80 0.61 0.12
27.67 0.01 0.14 0.19
22.10 0.44 4.88 0.65
0.05 0.95 0.58 0.95
0.26 0.25 0.80 0.15
0.27 0.12 0.22 26.91
0.05 13.02 0.66 0.17
0.47 0.06 0.08 0.33
0.65 0.92 0.66 0.45
0.74 0.49 0.77 0.46
0.23 0.48 0.42 0.58
0.10 0.45 0.19 0.52
0.03 0.04 0.23 0.67
0.18 0.19 0.96 0.43
0.77 0.01 0.93 0.44
0.92 0.30 0.66 0.36
0.59 0.68 0.62 0.28
0.66 0.28 0.14 0.88
0.63 0.25 0.12 0.35
0.14 0.69 0.54 0.47
0.56 0.72 0.59 0.36
20.93 25.06 18.31 16.93
